    unsorted:	 389.7421846 387.9160629 396.1020417 394.3968253 400.9799853 382.1258184 376.3658864 371.2989314 367.9567433 364.4583636 363.5745879 407.3060340 358.3166889 413.4781854 410.9092500 418.3715902 419.4011366 353.0937270 348.0067565 428.2477147 430.4472910 345.3013255 435.8277764 335.3327704 449.3697683 480.4878017 286.4325345 273.9316428 260.3445793 259.0765967 508.8997853 518.9992388 237.8060896 230.3528034 205.5974839 189.1013425 640.5734904 108.2283520 67.35046700 41.31709204 28.71762868 19.34339461 4.039084928 748.6923044 758.1387878 909.7515591 954.0463672 1083.327393 1210.337814 1256.741730 1379.210040 1546.383051 1559.320742 1851.163598 2045.874548 2141.887338 2287.291914 2617.040851 2533.102003 2964.784372 3041.100301 3617.187373 3658.832149 3727.623415 3758.677699 3538.117964 3471.711956 3820.880083 3874.186886 3921.487656 4067.243399 4106.305066 4250.583791 4285.227418 4312.089827 4453.427043 4693.523237 4724.974822 5326.044486 5841.448629 6053.839623 6404.074101 6870.670491 7828.109041 8397.167926 8589.692332 10316.31677 10400.32712 13005.24076 13400.97233 14375.11032 18343.40241 22772.22305 26498.55893 28230.50531 57720.24154 57704.24610 57685.02337 57653.50699 57796.59324 57838.59450 57306.16032 57303.88187 57432.35089 57218.95308 57053.13495 57044.93265 58052.20551 58097.64623 58190.09315 56642.62744 56327.14560 58464.43794 58841.31482 55827.30104 55713.52241 59318.73707 59440.91986 55245.06110 60197.08006 52354.05044 61329.73193 61979.42501 68744.16603
      sorted:	 4.039084928 19.34339461 28.71762868 41.31709204 67.35046700 108.2283520 189.1013425 205.5974839 230.3528034 237.8060896 259.0765967 260.3445793 273.9316428 286.4325345 335.3327704 345.3013255 348.0067565 353.0937270 358.3166889 363.5745879 364.4583636 367.9567433 371.2989314 376.3658864 382.1258184 387.9160629 389.7421846 394.3968253 396.1020417 400.9799853 407.3060340 410.9092500 413.4781854 418.3715902 419.4011366 428.2477147 430.4472910 435.8277764 449.3697683 480.4878017 508.8997853 518.9992388 640.5734904 748.6923044 758.1387878 909.7515591 954.0463672 1083.327393 1210.337814 1256.741730 1379.210040 1546.383051 1559.320742 1851.163598 2045.874548 2141.887338 2287.291914 2533.102003 2617.040851 2964.784372 3041.100301 3471.711956 3538.117964 3617.187373 3658.832149 3727.623415 3758.677699 3820.880083 3874.186886 3921.487656 4067.243399 4106.305066 4250.583791 4285.227418 4312.089827 4453.427043 4693.523237 4724.974822 5326.044486 5841.448629 6053.839623 6404.074101 6870.670491 7828.109041 8397.167926 8589.692332 10316.31677 10400.32712 13005.24076 13400.97233 14375.11032 18343.40241 22772.22305 26498.55893 28230.50531 52354.05044 55245.06110 55713.52241 55827.30104 56327.14560 56642.62744 57044.93265 57053.13495 57218.95308 57303.88187 57306.16032 57432.35089 57653.50699 57685.02337 57704.24610 57720.24154 57796.59324 57838.59450 58052.20551 58097.64623 58190.09315 58464.43794 58841.31482 59318.73707 59440.91986 60197.08006 61329.73193 61979.42501 68744.16603
