    unsorted:	 398.5049526 398.2789366 402.9724172 395.1982082 409.0615961 390.1518643 415.5756510 423.1030192 421.9283113 429.1641014 428.1626056 434.9630219 436.0642642 384.8681070 379.5320730 443.8649717 374.0276312 368.4004973 364.4381387 362.6676833 451.1108570 356.9318349 459.0250939 464.9894221 466.7397476 472.3339532 349.3893236 478.0657367 346.4395263 485.8910897 326.3710398 500.3230620 307.9472769 533.2228031 550.4775496 274.2866320 266.5689156 261.3493370 251.5712821 224.7802289 623.9975291 202.0894133 706.2823361 108.2222163 68.03240875 41.51885255 29.35342546 19.96270620 4.161789608 836.4995804 904.5386459 974.7563453 981.3601417 1206.245168 1298.624393 1391.396595 1438.385268 1645.800542 1767.549489 1977.490567 2137.328240 2482.622231 2401.643915 2531.259483 2696.209738 3039.916301 3169.482402 3627.669789 3580.400360 3603.069082 3666.420508 3468.153228 3755.267547 3781.037187 3821.163094 4002.415710 4043.428467 4077.710755 4248.631860 4284.079727 4322.852117 4404.802560 4694.590434 4759.548461 5707.681563 5946.945304 6182.184246 6400.739830 6854.846028 7819.634217 8511.713349 8828.242293 10335.22312 10625.26782 12963.57192 13898.89213 15081.41146 18169.78239 22822.35818 27122.90731 28355.81172 57792.77374 57815.70078 57826.87362 57697.63177 57687.43764 57620.95618 57421.09258 57392.52762 57273.17137 58001.48360 57189.72426 57056.66937 57016.66121 58121.82380 58159.38381 56649.19861 56332.18905 58423.28078 55872.53351 55757.32587 58834.84479 55271.86071 59410.38393 59564.18300 60336.08094 52393.59497 61455.17957 62073.28166 68838.56142
      sorted:	 4.161789608 19.96270620 29.35342546 41.51885255 68.03240875 108.2222163 202.0894133 224.7802289 251.5712821 261.3493370 266.5689156 274.2866320 307.9472769 326.3710398 346.4395263 349.3893236 356.9318349 362.6676833 364.4381387 368.4004973 374.0276312 379.5320730 384.8681070 390.1518643 395.1982082 398.2789366 398.5049526 402.9724172 409.0615961 415.5756510 421.9283113 423.1030192 428.1626056 429.1641014 434.9630219 436.0642642 443.8649717 451.1108570 459.0250939 464.9894221 466.7397476 472.3339532 478.0657367 485.8910897 500.3230620 533.2228031 550.4775496 623.9975291 706.2823361 836.4995804 904.5386459 974.7563453 981.3601417 1206.245168 1298.624393 1391.396595 1438.385268 1645.800542 1767.549489 1977.490567 2137.328240 2401.643915 2482.622231 2531.259483 2696.209738 3039.916301 3169.482402 3468.153228 3580.400360 3603.069082 3627.669789 3666.420508 3755.267547 3781.037187 3821.163094 4002.415710 4043.428467 4077.710755 4248.631860 4284.079727 4322.852117 4404.802560 4694.590434 4759.548461 5707.681563 5946.945304 6182.184246 6400.739830 6854.846028 7819.634217 8511.713349 8828.242293 10335.22312 10625.26782 12963.57192 13898.89213 15081.41146 18169.78239 22822.35818 27122.90731 28355.81172 52393.59497 55271.86071 55757.32587 55872.53351 56332.18905 56649.19861 57016.66121 57056.66937 57189.72426 57273.17137 57392.52762 57421.09258 57620.95618 57687.43764 57697.63177 57792.77374 57815.70078 57826.87362 58001.48360 58121.82380 58159.38381 58423.28078 58834.84479 59410.38393 59564.18300 60336.08094 61455.17957 62073.28166 68838.56142
