    unsorted:	 407.4614965 408.4643471 418.1316068 412.7508327 411.7305889 403.7443025 424.4259988 399.0535098 431.4523227 439.5426011 438.2323145 445.1832352 394.4365635 452.3181081 389.0974290 458.8705913 463.9241073 465.0797414 470.8942660 475.0215915 477.0275637 383.3414387 485.7136734 494.6271926 345.3611442 319.5306466 531.3922745 305.6944726 568.6940073 278.8920261 267.7315444 260.5103116 259.9786057 235.3993525 592.7829284 189.7385124 695.4796223 109.0886618 74.11912058 43.26923832 29.82355270 19.47131569 4.112439464 826.7625357 831.0015846 957.1795287 1020.815012 1154.204625 1278.536618 1262.939526 1411.666585 1596.121078 1606.649182 1916.107271 2062.635751 2107.047866 2304.504257 2424.053897 2638.401151 2533.083518 2937.687511 2990.245494 3089.959347 3271.278161 3548.896249 3842.937002 3778.627773 3872.674028 3917.135421 3949.755584 4143.970456 4112.236241 4191.008570 4206.455308 4270.404229 4443.540540 4723.853981 4716.853347 5389.429351 5810.310715 6026.241526 6436.428869 6990.635047 7928.375231 8416.711910 8638.670232 10333.70839 10436.24840 13261.88645 13474.11808 15259.43096 19116.57985 22948.93967 26595.33203 28274.59773 57688.89660 57685.85125 57702.57044 57829.71990 57808.47859 57565.42889 57481.03542 57329.95736 57286.82892 57200.42037 57176.37873 57987.27863 58074.33935 58251.96909 58313.92710 56930.24962 56599.23323 58557.00649 56292.23749 56099.67933 58981.60638 55836.45246 59440.06919 59633.59663 60294.92943 52467.12337 61456.44845 62402.62675 70713.34713
      sorted:	 4.112439464 19.47131569 29.82355270 43.26923832 74.11912058 109.0886618 189.7385124 235.3993525 259.9786057 260.5103116 267.7315444 278.8920261 305.6944726 319.5306466 345.3611442 383.3414387 389.0974290 394.4365635 399.0535098 403.7443025 407.4614965 408.4643471 411.7305889 412.7508327 418.1316068 424.4259988 431.4523227 438.2323145 439.5426011 445.1832352 452.3181081 458.8705913 463.9241073 465.0797414 470.8942660 475.0215915 477.0275637 485.7136734 494.6271926 531.3922745 568.6940073 592.7829284 695.4796223 826.7625357 831.0015846 957.1795287 1020.815012 1154.204625 1262.939526 1278.536618 1411.666585 1596.121078 1606.649182 1916.107271 2062.635751 2107.047866 2304.504257 2424.053897 2533.083518 2638.401151 2937.687511 2990.245494 3089.959347 3271.278161 3548.896249 3778.627773 3842.937002 3872.674028 3917.135421 3949.755584 4112.236241 4143.970456 4191.008570 4206.455308 4270.404229 4443.540540 4716.853347 4723.853981 5389.429351 5810.310715 6026.241526 6436.428869 6990.635047 7928.375231 8416.711910 8638.670232 10333.70839 10436.24840 13261.88645 13474.11808 15259.43096 19116.57985 22948.93967 26595.33203 28274.59773 52467.12337 55836.45246 56099.67933 56292.23749 56599.23323 56930.24962 57176.37873 57200.42037 57286.82892 57329.95736 57481.03542 57565.42889 57685.85125 57688.89660 57702.57044 57808.47859 57829.71990 57987.27863 58074.33935 58251.96909 58313.92710 58557.00649 58981.60638 59440.06919 59633.59663 60294.92943 61456.44845 62402.62675 70713.34713
