    unsorted:	 483.3996992 492.4443325 489.9769742 498.1859787 501.5375330 480.9939044 506.0859526 475.8714153 469.2589336 460.2989044 462.6861446 456.0236385 514.0584942 521.6197012 523.2891467 449.2405783 529.5996880 539.7011871 540.6286394 442.2641273 547.9136593 549.7985874 425.5830581 405.7369396 405.8333548 580.6266790 380.2360102 613.2778565 329.2052634 344.9109627 314.1336856 278.0458837 280.6711905 662.1059355 254.6695673 712.8455575 185.1391923 849.7321508 105.1220853 77.22723424 44.63763806 30.05588159 19.04018598 4.021631548 941.6436082 949.7814613 1102.615964 1157.660449 1318.793456 1373.574577 1482.672698 1597.757461 1671.574446 1912.868658 2125.238420 2281.741445 2336.018816 2690.788370 2533.227938 2991.778784 3054.280763 3161.357302 3418.649047 3741.623787 3679.587723 3632.041554 3592.899554 3781.155794 3783.719566 3824.265868 3857.934532 4053.323015 4089.614160 4258.379673 4230.358238 4314.809282 4564.404923 4773.730346 5143.782465 5299.835093 5607.624179 6059.209652 6514.749680 7324.439924 8327.992688 8487.779494 10334.58099 10427.59327 12699.93050 13189.89934 13531.92903 18345.04372 57956.29962 57953.00286 58001.04073 57858.56745 57846.43701 57754.74032 57762.96030 58083.88024 58122.24063 57532.57675 57550.02221 58290.60359 57299.80232 57159.14100 57090.90778 58463.87423 58555.57173 57011.96829 58848.68523 59059.39358 59145.99198 59400.49815 56199.56741 59804.47403 55097.49088 54275.73971 60736.96415 23212.79952 26834.85543 28293.85620 49812.32052 65861.95764
      sorted:	 4.021631548 19.04018598 30.05588159 44.63763806 77.22723424 105.1220853 185.1391923 254.6695673 278.0458837 280.6711905 314.1336856 329.2052634 344.9109627 380.2360102 405.7369396 405.8333548 425.5830581 442.2641273 449.2405783 456.0236385 460.2989044 462.6861446 469.2589336 475.8714153 480.9939044 483.3996992 489.9769742 492.4443325 498.1859787 501.5375330 506.0859526 514.0584942 521.6197012 523.2891467 529.5996880 539.7011871 540.6286394 547.9136593 549.7985874 580.6266790 613.2778565 662.1059355 712.8455575 849.7321508 941.6436082 949.7814613 1102.615964 1157.660449 1318.793456 1373.574577 1482.672698 1597.757461 1671.574446 1912.868658 2125.238420 2281.741445 2336.018816 2533.227938 2690.788370 2991.778784 3054.280763 3161.357302 3418.649047 3592.899554 3632.041554 3679.587723 3741.623787 3781.155794 3783.719566 3824.265868 3857.934532 4053.323015 4089.614160 4230.358238 4258.379673 4314.809282 4564.404923 4773.730346 5143.782465 5299.835093 5607.624179 6059.209652 6514.749680 7324.439924 8327.992688 8487.779494 10334.58099 10427.59327 12699.93050 13189.89934 13531.92903 18345.04372 23212.79952 26834.85543 28293.85620 49812.32052 54275.73971 55097.49088 56199.56741 57011.96829 57090.90778 57159.14100 57299.80232 57532.57675 57550.02221 57754.74032 57762.96030 57846.43701 57858.56745 57953.00286 57956.29962 58001.04073 58083.88024 58122.24063 58290.60359 58463.87423 58555.57173 58848.68523 59059.39358 59145.99198 59400.49815 59804.47403 60736.96415 65861.95764
