    unsorted:	 447.0141912 448.3790470 451.2127259 455.2362525 441.9476436 462.1823952 469.3574686 479.2089652 476.8543477 484.1630911 491.2479650 498.1619601 503.6641100 508.8233517 509.1727346 513.8442708 435.7263910 524.3600758 523.8970920 429.5827181 533.0468041 535.7909897 423.2953115 409.3006062 567.8521031 371.6852428 351.7638437 598.2012195 345.1819598 307.6786296 298.4851148 296.0296295 266.8700332 632.0876901 643.4741734 257.8103230 717.6098717 187.8599075 110.7719157 76.39804728 48.01322148 30.53044894 19.33312810 3.797194844 891.0868930 913.6338623 974.0341125 1078.464236 1184.158778 1300.139433 1343.726165 1465.430708 1625.710282 1845.373725 1954.284434 2110.055189 2292.878377 2427.347590 2680.982593 2715.588357 2533.147613 3039.858461 3141.237153 3459.405090 3584.816308 3799.911250 3742.714440 3849.307420 3899.582825 3990.714068 4084.705062 4114.833022 4181.153815 4233.113152 4346.166663 4486.262002 4732.751661 4815.131682 5584.110670 5942.875526 6189.121153 6484.640553 7090.653459 8201.482609 8465.540680 8771.453501 10374.66551 10504.81936 13411.60150 13759.65422 17961.05799 21064.68938 23593.65701 26986.28350 28447.00939 57678.04465 57646.20281 57711.20853 57717.60430 57569.02062 57555.61894 57860.56629 57924.44815 57985.49122 57349.95564 57213.48330 57073.72199 58271.40451 57010.71008 58349.52464 58591.20239 56431.48633 58773.22770 56137.05349 55901.76580 59179.38988 59563.99067 55471.69212 59744.40129 60453.20827 53928.51219 61601.61750 62218.44520 69447.36305
      sorted:	 3.797194844 19.33312810 30.53044894 48.01322148 76.39804728 110.7719157 187.8599075 257.8103230 266.8700332 296.0296295 298.4851148 307.6786296 345.1819598 351.7638437 371.6852428 409.3006062 423.2953115 429.5827181 435.7263910 441.9476436 447.0141912 448.3790470 451.2127259 455.2362525 462.1823952 469.3574686 476.8543477 479.2089652 484.1630911 491.2479650 498.1619601 503.6641100 508.8233517 509.1727346 513.8442708 523.8970920 524.3600758 533.0468041 535.7909897 567.8521031 598.2012195 632.0876901 643.4741734 717.6098717 891.0868930 913.6338623 974.0341125 1078.464236 1184.158778 1300.139433 1343.726165 1465.430708 1625.710282 1845.373725 1954.284434 2110.055189 2292.878377 2427.347590 2533.147613 2680.982593 2715.588357 3039.858461 3141.237153 3459.405090 3584.816308 3742.714440 3799.911250 3849.307420 3899.582825 3990.714068 4084.705062 4114.833022 4181.153815 4233.113152 4346.166663 4486.262002 4732.751661 4815.131682 5584.110670 5942.875526 6189.121153 6484.640553 7090.653459 8201.482609 8465.540680 8771.453501 10374.66551 10504.81936 13411.60150 13759.65422 17961.05799 21064.68938 23593.65701 26986.28350 28447.00939 53928.51219 55471.69212 55901.76580 56137.05349 56431.48633 57010.71008 57073.72199 57213.48330 57349.95564 57555.61894 57569.02062 57646.20281 57678.04465 57711.20853 57717.60430 57860.56629 57924.44815 57985.49122 58271.40451 58349.52464 58591.20239 58773.22770 59179.38988 59563.99067 59744.40129 60453.20827 61601.61750 62218.44520 69447.36305
