    unsorted:	 400.9647538 399.4617275 398.6313884 405.0610187 411.5096802 409.0477405 417.9436740 421.4326682 424.4734098 392.4000629 430.7060190 386.2561528 436.7707396 438.9377165 443.3168030 381.0394424 380.2707702 449.2073607 454.4223262 458.3215912 459.9764376 462.2708856 374.3979917 471.0392319 353.2797802 345.1533833 500.5385166 308.7165732 293.2340512 285.9663636 242.9048718 243.2734801 256.8307828 560.3619292 592.7640060 603.2545390 190.5070723 184.7557390 186.4369282 660.4647447 691.9393193 701.0107854 76.82991513 66.78530064 23.95522084 17.06028150 13.79329129 1.713810586 873.0047386 897.5512248 984.1497942 1281.786697 1264.890306 1567.162619 1766.777539 1925.098747 2531.878055 2847.349976 3041.228850 3109.454887 3908.565332 3962.737546 4017.812817 4006.309774 3834.416525 4152.009998 4177.261371 4184.153634 3635.868443 4325.986208 4353.174005 4415.619512 4519.519222 4556.070418 4842.319714 5272.473619 5464.158232 7085.386787 7714.093809 8075.296181 8633.705564 10153.41093 11437.94689 13713.04283 16559.49580 22234.27725 25101.06272 57706.05550 57709.89743 57576.12014 57595.14050 57379.99621 57393.90172 57851.73737 57274.38718 57955.73601 58017.99630 57037.63836 58323.04087 56586.60797 56475.85575 58643.39757 58900.09836 59202.02817 54995.68439 59957.56562 61107.02916 50771.81058 66916.30073
      sorted:	 1.713810586 13.79329129 17.06028150 23.95522084 66.78530064 76.82991513 184.7557390 186.4369282 190.5070723 242.9048718 243.2734801 256.8307828 285.9663636 293.2340512 308.7165732 345.1533833 353.2797802 374.3979917 380.2707702 381.0394424 386.2561528 392.4000629 398.6313884 399.4617275 400.9647538 405.0610187 409.0477405 411.5096802 417.9436740 421.4326682 424.4734098 430.7060190 436.7707396 438.9377165 443.3168030 449.2073607 454.4223262 458.3215912 459.9764376 462.2708856 471.0392319 500.5385166 560.3619292 592.7640060 603.2545390 660.4647447 691.9393193 701.0107854 873.0047386 897.5512248 984.1497942 1264.890306 1281.786697 1567.162619 1766.777539 1925.098747 2531.878055 2847.349976 3041.228850 3109.454887 3635.868443 3834.416525 3908.565332 3962.737546 4006.309774 4017.812817 4152.009998 4177.261371 4184.153634 4325.986208 4353.174005 4415.619512 4519.519222 4556.070418 4842.319714 5272.473619 5464.158232 7085.386787 7714.093809 8075.296181 8633.705564 10153.41093 11437.94689 13713.04283 16559.49580 22234.27725 25101.06272 50771.81058 54995.68439 56475.85575 56586.60797 57037.63836 57274.38718 57379.99621 57393.90172 57576.12014 57595.14050 57706.05550 57709.89743 57851.73737 57955.73601 58017.99630 58323.04087 58643.39757 58900.09836 59202.02817 59957.56562 61107.02916 66916.30073
