    unsorted:	 405.5926612 404.5412459 409.1857574 401.8442201 415.2841133 396.8034224 416.4655260 421.8414835 391.3740286 428.6251814 433.3791088 435.6742787 441.8631844 442.8994929 385.7455427 450.4777527 379.9713282 371.4971371 374.1565406 368.2905329 457.8514215 362.4404783 465.9391042 472.4074157 473.8099978 479.6021101 355.0054450 485.5854369 493.3146337 345.6777327 333.5613817 507.7833123 313.6670976 540.7039430 562.0218483 270.6437608 263.7914369 262.1661227 256.4179793 229.4678421 631.5406721 192.6747286 714.1459554 107.8990078 68.37192353 41.52464333 29.40243450 19.82352471 4.243695014 847.0613866 911.3341221 983.2708753 988.1559773 1214.083096 1308.120538 1396.094420 1444.288599 1651.238349 1776.737285 1983.989508 2141.729628 2484.084665 2421.508663 2531.755875 2699.594170 3043.488470 3174.685718 3585.258866 3626.818845 3606.709211 3678.370494 3471.312669 3761.208744 3786.856039 3830.073614 4001.919412 4047.106213 4082.363294 4249.733051 4284.478059 4323.726959 4405.974873 4698.363252 4762.451363 5691.543518 5913.382457 6128.995173 6402.843756 6850.411409 7827.236992 8507.364788 8800.154175 10335.18847 10617.20241 12956.48082 13875.52397 14864.54600 18131.75417 22697.31088 27038.69088 28336.38159 57785.26285 57809.84476 57827.29377 57703.74662 57687.27340 57648.08422 57426.72303 57400.87232 57293.16309 57211.48554 58016.78028 58106.10611 58157.17585 57070.48653 57042.37779 58437.21768 56666.99350 56361.55800 58816.91228 55795.64595 55939.00277 59354.71122 55392.16530 59503.97146 60272.69026 52499.59727 61358.99203 61983.79439 68966.39098
      sorted:	 4.243695014 19.82352471 29.40243450 41.52464333 68.37192353 107.8990078 192.6747286 229.4678421 256.4179793 262.1661227 263.7914369 270.6437608 313.6670976 333.5613817 345.6777327 355.0054450 362.4404783 368.2905329 371.4971371 374.1565406 379.9713282 385.7455427 391.3740286 396.8034224 401.8442201 404.5412459 405.5926612 409.1857574 415.2841133 416.4655260 421.8414835 428.6251814 433.3791088 435.6742787 441.8631844 442.8994929 450.4777527 457.8514215 465.9391042 472.4074157 473.8099978 479.6021101 485.5854369 493.3146337 507.7833123 540.7039430 562.0218483 631.5406721 714.1459554 847.0613866 911.3341221 983.2708753 988.1559773 1214.083096 1308.120538 1396.094420 1444.288599 1651.238349 1776.737285 1983.989508 2141.729628 2421.508663 2484.084665 2531.755875 2699.594170 3043.488470 3174.685718 3471.312669 3585.258866 3606.709211 3626.818845 3678.370494 3761.208744 3786.856039 3830.073614 4001.919412 4047.106213 4082.363294 4249.733051 4284.478059 4323.726959 4405.974873 4698.363252 4762.451363 5691.543518 5913.382457 6128.995173 6402.843756 6850.411409 7827.236992 8507.364788 8800.154175 10335.18847 10617.20241 12956.48082 13875.52397 14864.54600 18131.75417 22697.31088 27038.69088 28336.38159 52499.59727 55392.16530 55795.64595 55939.00277 56361.55800 56666.99350 57042.37779 57070.48653 57211.48554 57293.16309 57400.87232 57426.72303 57648.08422 57687.27340 57703.74662 57785.26285 57809.84476 57827.29377 58016.78028 58106.10611 58157.17585 58437.21768 58816.91228 59354.71122 59503.97146 60272.69026 61358.99203 61983.79439 68966.39098
