    unsorted:	 489.1941213 479.1391598 484.4606057 476.6019401 492.0119223 469.8411424 464.1118058 461.9441500 456.0805000 449.6390576 447.0830986 443.1118994 499.7131681 436.5011114 507.0941057 509.1629892 514.6737026 525.0807803 525.4839090 429.7158293 532.9158960 535.4101165 415.8759767 405.9350755 386.4237172 567.0503450 364.1906199 600.2482711 344.9214881 315.7460938 302.0265258 267.9094361 277.8910196 647.1018159 254.7821942 702.5673783 185.2347778 839.7132029 105.2139053 76.24137065 43.60772271 30.05862193 19.06468788 4.044229150 916.9849274 943.3790265 1086.618953 1148.746599 1302.584895 1354.214387 1465.398952 1592.075166 1666.688605 1905.379522 2110.562526 2278.065022 2317.195470 2677.416147 2533.228660 2980.008347 3067.530642 3148.119273 3431.233590 3752.868865 3689.806962 3644.778210 3581.294745 3794.078190 3791.599512 3836.207019 3869.319782 4060.916889 4096.730520 4261.454339 4232.427933 4316.760269 4549.535959 4771.998321 5149.225288 5306.062621 5610.529527 6044.357548 6502.722483 7309.654519 8334.158734 8478.565779 10330.51798 10418.65267 12633.62987 13134.41330 13517.59739 18169.04166 57953.30330 57966.15896 57983.04118 57792.67182 57787.84839 57819.04226 57749.06026 58054.59177 58139.90609 57554.47902 57543.55183 58246.10607 57352.15196 57175.27071 57126.52838 57031.36325 58465.39535 58553.97226 58814.62574 59006.89126 59142.03519 56297.39433 59398.70739 59808.68626 55303.40147 54419.33485 60841.72785 23074.91514 26768.15666 28274.97761 49971.18293 66339.35675
      sorted:	 4.044229150 19.06468788 30.05862193 43.60772271 76.24137065 105.2139053 185.2347778 254.7821942 267.9094361 277.8910196 302.0265258 315.7460938 344.9214881 364.1906199 386.4237172 405.9350755 415.8759767 429.7158293 436.5011114 443.1118994 447.0830986 449.6390576 456.0805000 461.9441500 464.1118058 469.8411424 476.6019401 479.1391598 484.4606057 489.1941213 492.0119223 499.7131681 507.0941057 509.1629892 514.6737026 525.0807803 525.4839090 532.9158960 535.4101165 567.0503450 600.2482711 647.1018159 702.5673783 839.7132029 916.9849274 943.3790265 1086.618953 1148.746599 1302.584895 1354.214387 1465.398952 1592.075166 1666.688605 1905.379522 2110.562526 2278.065022 2317.195470 2533.228660 2677.416147 2980.008347 3067.530642 3148.119273 3431.233590 3581.294745 3644.778210 3689.806962 3752.868865 3791.599512 3794.078190 3836.207019 3869.319782 4060.916889 4096.730520 4232.427933 4261.454339 4316.760269 4549.535959 4771.998321 5149.225288 5306.062621 5610.529527 6044.357548 6502.722483 7309.654519 8334.158734 8478.565779 10330.51798 10418.65267 12633.62987 13134.41330 13517.59739 18169.04166 23074.91514 26768.15666 28274.97761 49971.18293 54419.33485 55303.40147 56297.39433 57031.36325 57126.52838 57175.27071 57352.15196 57543.55183 57554.47902 57749.06026 57787.84839 57792.67182 57819.04226 57953.30330 57966.15896 57983.04118 58054.59177 58139.90609 58246.10607 58465.39535 58553.97226 58814.62574 59006.89126 59142.03519 59398.70739 59808.68626 60841.72785 66339.35675
