    unsorted:	 459.9256312 458.1681978 438.7093960 437.7316499 444.7343663 451.6024858 430.7606311 419.9402164 423.8581334 417.0426616 465.3153116 410.3464332 413.4399949 403.7994301 471.9384846 476.0179693 478.5706897 484.2015246 489.1102596 491.5004135 493.3663930 397.3539680 392.6218559 512.4745960 532.5845831 336.1336995 345.4702380 301.2763182 292.2905135 272.2302301 245.5318489 246.2431643 261.0101477 236.1347733 230.5312480 600.0521451 649.0506234 190.3193018 697.7155316 718.2622300 103.4388249 78.26506922 32.89397366 24.76290523 18.27981903 2.966557465 835.8511085 922.5460849 1020.786893 1277.807314 1273.755344 1312.306379 1577.144908 1718.598943 1787.876183 1988.159768 2179.672350 2534.796292 2531.597201 2792.046735 2883.566309 3083.048292 3508.187808 3603.321692 3667.708856 3752.512807 3842.840332 3904.125296 3893.956045 4083.780578 4121.653604 4302.311356 4334.954819 4355.843317 4366.272433 4417.168340 4454.969961 4734.702320 5363.759197 5533.996009 5565.166782 6331.930161 7919.675979 8303.172677 10042.91537 9919.100762 10422.03990 11340.63914 13354.37828 16243.66310 22015.74110 57800.21352 57793.53672 57790.96635 57606.86029 57642.11373 57680.98144 57512.79960 57455.81610 57389.56858 57353.61736 57913.91365 57261.91636 58006.20092 58044.04164 56981.21652 56870.38914 58339.44561 58650.36924 58784.37757 56418.39901 59224.63352 59457.31426 55619.55770 54626.59097 60242.12991 26231.07399 27951.36153 61277.59061 49541.06969 67498.15427
      sorted:	 2.966557465 18.27981903 24.76290523 32.89397366 78.26506922 103.4388249 190.3193018 230.5312480 236.1347733 245.5318489 246.2431643 261.0101477 272.2302301 292.2905135 301.2763182 336.1336995 345.4702380 392.6218559 397.3539680 403.7994301 410.3464332 413.4399949 417.0426616 419.9402164 423.8581334 430.7606311 437.7316499 438.7093960 444.7343663 451.6024858 458.1681978 459.9256312 465.3153116 471.9384846 476.0179693 478.5706897 484.2015246 489.1102596 491.5004135 493.3663930 512.4745960 532.5845831 600.0521451 649.0506234 697.7155316 718.2622300 835.8511085 922.5460849 1020.786893 1273.755344 1277.807314 1312.306379 1577.144908 1718.598943 1787.876183 1988.159768 2179.672350 2531.597201 2534.796292 2792.046735 2883.566309 3083.048292 3508.187808 3603.321692 3667.708856 3752.512807 3842.840332 3893.956045 3904.125296 4083.780578 4121.653604 4302.311356 4334.954819 4355.843317 4366.272433 4417.168340 4454.969961 4734.702320 5363.759197 5533.996009 5565.166782 6331.930161 7919.675979 8303.172677 9919.100762 10042.91537 10422.03990 11340.63914 13354.37828 16243.66310 22015.74110 26231.07399 27951.36153 49541.06969 54626.59097 55619.55770 56418.39901 56870.38914 56981.21652 57261.91636 57353.61736 57389.56858 57455.81610 57512.79960 57606.86029 57642.11373 57680.98144 57790.96635 57793.53672 57800.21352 57913.91365 58006.20092 58044.04164 58339.44561 58650.36924 58784.37757 59224.63352 59457.31426 60242.12991 61277.59061 67498.15427
