    unsorted:	 434.1395889 433.5606779 436.6928032 429.6261378 450.7009813 450.9487938 443.8004328 457.9596123 422.6835537 415.8515442 417.6780277 464.8917472 471.1348415 472.7206227 478.8678724 409.1671902 407.6212255 402.5819463 485.4145138 488.4875542 491.4168250 496.6758570 499.8350461 501.5009094 387.3709663 527.3089818 357.0818436 543.2795113 336.6022214 345.7593977 300.6113515 278.7262694 245.5324284 253.0132349 256.6218838 264.9024096 615.4777994 642.2847596 669.2576268 193.7733630 714.1502210 110.8284349 83.64222601 37.11735450 27.49538413 19.53656013 3.074523607 853.4106691 942.3212861 1038.478332 1283.574866 1299.238170 1296.035556 1500.956554 1591.546315 1804.023343 2093.069966 2313.045858 2725.741356 2794.592949 2531.418302 3100.553642 3363.004482 3509.846625 3666.102896 3749.959470 3846.387308 3891.189495 3913.166396 4088.037206 4126.550641 4293.954963 4302.382915 4333.047154 4354.465480 4404.640602 4432.814614 4754.757581 4773.798939 5299.714180 5481.618917 6000.858130 7107.788523 7742.003232 8367.894920 8740.537050 9458.243835 9855.462634 10526.31999 10690.77485 13279.35606 14617.59778 18481.92592 22755.06019 57794.09037 57791.08855 57822.49343 57855.43064 57726.21015 57697.47913 57682.24813 57885.52600 57556.18162 57580.21621 57497.17164 57435.03777 57985.06681 57321.13971 58095.61123 57212.94447 57160.00572 56971.68738 58406.41272 58605.66536 58633.09081 56459.23483 59013.09800 56146.20582 59254.37926 59534.41729 60023.20456 54642.38297 26725.27719 28398.98258 61437.13635 49245.54178 68727.06951
      sorted:	 3.074523607 19.53656013 27.49538413 37.11735450 83.64222601 110.8284349 193.7733630 245.5324284 253.0132349 256.6218838 264.9024096 278.7262694 300.6113515 336.6022214 345.7593977 357.0818436 387.3709663 402.5819463 407.6212255 409.1671902 415.8515442 417.6780277 422.6835537 429.6261378 433.5606779 434.1395889 436.6928032 443.8004328 450.7009813 450.9487938 457.9596123 464.8917472 471.1348415 472.7206227 478.8678724 485.4145138 488.4875542 491.4168250 496.6758570 499.8350461 501.5009094 527.3089818 543.2795113 615.4777994 642.2847596 669.2576268 714.1502210 853.4106691 942.3212861 1038.478332 1283.574866 1296.035556 1299.238170 1500.956554 1591.546315 1804.023343 2093.069966 2313.045858 2531.418302 2725.741356 2794.592949 3100.553642 3363.004482 3509.846625 3666.102896 3749.959470 3846.387308 3891.189495 3913.166396 4088.037206 4126.550641 4293.954963 4302.382915 4333.047154 4354.465480 4404.640602 4432.814614 4754.757581 4773.798939 5299.714180 5481.618917 6000.858130 7107.788523 7742.003232 8367.894920 8740.537050 9458.243835 9855.462634 10526.31999 10690.77485 13279.35606 14617.59778 18481.92592 22755.06019 26725.27719 28398.98258 49245.54178 54642.38297 56146.20582 56459.23483 56971.68738 57160.00572 57212.94447 57321.13971 57435.03777 57497.17164 57556.18162 57580.21621 57682.24813 57697.47913 57726.21015 57791.08855 57794.09037 57822.49343 57855.43064 57885.52600 57985.06681 58095.61123 58406.41272 58605.66536 58633.09081 59013.09800 59254.37926 59534.41729 60023.20456 61437.13635 68727.06951
