    unsorted:	 438.6718479 3.282727592
      sorted:	 3.282727592 438.6718479
