    unsorted:	 493.7913069 495.0940435 486.5286149 501.4886033 480.2249426 476.1149368 473.0190917 468.8958645 463.2677166 462.3456399 509.0756990 516.5196379 520.4088125 527.6199429 525.3426063 533.0088178 455.4276152 539.6334100 546.0620282 550.4375578 448.4674168 556.3318336 560.0810724 400.3189443 405.7297073 394.9133556 587.3397563 374.1042564 622.9730462 327.8407691 344.9038697 316.1181686 283.5025011 303.2174047 682.4581571 710.6869306 254.5723317 185.0537330 887.6806060 111.5352864 80.72352037 46.21053278 30.69074863 19.53747448 3.562186682 965.2772508 954.4649406 1128.165276 1178.351778 1301.786433 1392.965888 1491.099808 1640.452322 1900.263950 1986.021141 2127.417063 2314.451379 2572.258461 2533.255143 2699.239255 3055.742730 3159.475745 3188.122437 3764.863359 3747.255937 3812.237116 3852.325931 3900.195674 3591.910283 4032.848377 4089.008864 4112.478149 4224.722370 4281.913117 4419.409654 4463.778197 4747.469877 4774.378554 5634.874390 5892.130025 6237.363288 6498.333986 7025.917951 7815.275361 8489.457024 8871.587527 10395.85496 10543.12055 13407.63735 13670.48988 20263.86433 57810.46941 57845.40048 57906.57451 57915.83187 57994.19394 57702.49867 57693.28169 57596.85192 58111.54423 58214.30940 57269.55474 57259.52805 57192.51718 57194.15777 58408.48458 56888.49413 58739.05301 59015.43965 59319.14646 59364.33907 56247.77930 56090.52869 59807.71508 55525.54457 60184.67683 61292.14983 23356.34127 61979.50916 24822.72815 27256.80378 28444.73088 64830.02953 71436.24684
      sorted:	 3.562186682 19.53747448 30.69074863 46.21053278 80.72352037 111.5352864 185.0537330 254.5723317 283.5025011 303.2174047 316.1181686 327.8407691 344.9038697 374.1042564 394.9133556 400.3189443 405.7297073 448.4674168 455.4276152 462.3456399 463.2677166 468.8958645 473.0190917 476.1149368 480.2249426 486.5286149 493.7913069 495.0940435 501.4886033 509.0756990 516.5196379 520.4088125 525.3426063 527.6199429 533.0088178 539.6334100 546.0620282 550.4375578 556.3318336 560.0810724 587.3397563 622.9730462 682.4581571 710.6869306 887.6806060 954.4649406 965.2772508 1128.165276 1178.351778 1301.786433 1392.965888 1491.099808 1640.452322 1900.263950 1986.021141 2127.417063 2314.451379 2533.255143 2572.258461 2699.239255 3055.742730 3159.475745 3188.122437 3591.910283 3747.255937 3764.863359 3812.237116 3852.325931 3900.195674 4032.848377 4089.008864 4112.478149 4224.722370 4281.913117 4419.409654 4463.778197 4747.469877 4774.378554 5634.874390 5892.130025 6237.363288 6498.333986 7025.917951 7815.275361 8489.457024 8871.587527 10395.85496 10543.12055 13407.63735 13670.48988 20263.86433 23356.34127 24822.72815 27256.80378 28444.73088 55525.54457 56090.52869 56247.77930 56888.49413 57192.51718 57194.15777 57259.52805 57269.55474 57596.85192 57693.28169 57702.49867 57810.46941 57845.40048 57906.57451 57915.83187 57994.19394 58111.54423 58214.30940 58408.48458 58739.05301 59015.43965 59319.14646 59364.33907 59807.71508 60184.67683 61292.14983 61979.50916 64830.02953 71436.24684
