    unsorted:	 410.3883037 411.9795429 405.4631515 408.2048987 418.5603743 399.0608709 425.1485028 430.2127125 431.8816224 438.1739977 392.7860802 389.5707383 386.6824684 384.4328979 444.4469180 447.6816100 451.0921066 380.6550171 457.0878765 462.4347287 466.5810489 468.2422616 470.5039346 480.1641905 361.1891358 496.0814406 345.0899369 509.2961316 326.1489569 299.8433108 292.1116572 245.5310779 246.0472423 256.1707798 569.2987040 612.5589740 204.1311944 191.0545894 185.9935600 668.6594410 698.9452564 736.1201863 80.82743303 70.02390966 25.43976029 17.57762403 14.42204224 1.804655958 841.4960209 889.4012179 997.4655113 1231.312108 1281.097882 1268.644019 1571.150970 1768.466761 1779.727050 2397.368137 2531.825506 2850.959697 3105.301489 3991.761995 4003.214750 3949.514317 3887.938785 3812.018995 3622.384342 4146.640453 4175.948253 4322.287482 4349.979975 4407.298098 4495.780090 4530.328648 4659.253438 4859.770419 5248.357908 5402.991346 5591.205565 8071.637489 8336.174701 9116.602306 10071.39186 10412.89860 12317.06704 14219.57788 19510.51837 24632.78251 57683.35859 57681.84855 57802.83659 57790.41506 57846.73017 57586.02128 57560.71204 57485.56705 57372.46340 57970.05040 57244.01605 57049.56621 58280.37000 58505.18237 58608.63271 56645.22100 59045.89779 56347.90015 59192.76326 59919.41078 55003.79243 26832.65667 61341.66983 50675.05514 68021.61359
      sorted:	 1.804655958 14.42204224 17.57762403 25.43976029 70.02390966 80.82743303 185.9935600 191.0545894 204.1311944 245.5310779 246.0472423 256.1707798 292.1116572 299.8433108 326.1489569 345.0899369 361.1891358 380.6550171 384.4328979 386.6824684 389.5707383 392.7860802 399.0608709 405.4631515 408.2048987 410.3883037 411.9795429 418.5603743 425.1485028 430.2127125 431.8816224 438.1739977 444.4469180 447.6816100 451.0921066 457.0878765 462.4347287 466.5810489 468.2422616 470.5039346 480.1641905 496.0814406 509.2961316 569.2987040 612.5589740 668.6594410 698.9452564 736.1201863 841.4960209 889.4012179 997.4655113 1231.312108 1268.644019 1281.097882 1571.150970 1768.466761 1779.727050 2397.368137 2531.825506 2850.959697 3105.301489 3622.384342 3812.018995 3887.938785 3949.514317 3991.761995 4003.214750 4146.640453 4175.948253 4322.287482 4349.979975 4407.298098 4495.780090 4530.328648 4659.253438 4859.770419 5248.357908 5402.991346 5591.205565 8071.637489 8336.174701 9116.602306 10071.39186 10412.89860 12317.06704 14219.57788 19510.51837 24632.78251 26832.65667 50675.05514 55003.79243 56347.90015 56645.22100 57049.56621 57244.01605 57372.46340 57485.56705 57560.71204 57586.02128 57681.84855 57683.35859 57790.41506 57802.83659 57846.73017 57970.05040 58280.37000 58505.18237 58608.63271 59045.89779 59192.76326 59919.41078 61341.66983 68021.61359
