    unsorted:	 452.8890786 459.1214799 458.2217907 460.3667758 446.4501478 443.1082343 439.6354513 465.7989526 433.0298345 426.2655482 422.4124845 419.5027238 412.8336615 471.3024274 411.9506127 406.2587931 402.7104372 399.8064803 475.9066000 477.8623830 479.9424746 393.5165771 388.0504347 387.2738526 494.4141828 374.9869812 519.1225165 340.0809189 345.3653413 317.3446995 289.6782670 245.5312508 246.2025220 582.5478341 259.6229359 628.8725892 218.5340067 209.8686597 189.0502702 681.3171310 776.2627916 85.19622300 73.41230360 27.46039374 19.28395688 15.38233679 2.092588015 881.6664563 907.5521547 995.1197367 1140.626906 1263.119607 1266.000557 1389.411051 1567.804225 1768.624427 2010.900789 2485.149580 2531.664015 2693.076867 2781.564744 3071.316092 3298.308861 3854.057506 3924.518005 3968.554460 3978.446294 3776.986836 3596.334628 4131.319268 4162.704226 4316.296530 4344.637979 4385.957576 4463.547513 4491.457866 4756.044519 5258.093563 5439.293550 5683.582633 7219.605527 7892.890761 8616.546164 9914.429709 9984.261122 10819.59565 13172.10352 14829.69250 20965.63356 57707.76927 57695.12277 57773.16682 57812.85479 57865.09563 57609.33576 57565.55899 57514.21495 57976.98227 57988.12444 57371.93295 57231.87870 57202.67471 57051.14545 58349.36818 58569.54887 58605.15791 56637.61251 59106.69869 59230.25491 56136.08713 59908.52126 54972.58568 25682.90837 27520.60885 61466.40775 50320.12545 68594.08252
      sorted:	 2.092588015 15.38233679 19.28395688 27.46039374 73.41230360 85.19622300 189.0502702 209.8686597 218.5340067 245.5312508 246.2025220 259.6229359 289.6782670 317.3446995 340.0809189 345.3653413 374.9869812 387.2738526 388.0504347 393.5165771 399.8064803 402.7104372 406.2587931 411.9506127 412.8336615 419.5027238 422.4124845 426.2655482 433.0298345 439.6354513 443.1082343 446.4501478 452.8890786 458.2217907 459.1214799 460.3667758 465.7989526 471.3024274 475.9066000 477.8623830 479.9424746 494.4141828 519.1225165 582.5478341 628.8725892 681.3171310 776.2627916 881.6664563 907.5521547 995.1197367 1140.626906 1263.119607 1266.000557 1389.411051 1567.804225 1768.624427 2010.900789 2485.149580 2531.664015 2693.076867 2781.564744 3071.316092 3298.308861 3596.334628 3776.986836 3854.057506 3924.518005 3968.554460 3978.446294 4131.319268 4162.704226 4316.296530 4344.637979 4385.957576 4463.547513 4491.457866 4756.044519 5258.093563 5439.293550 5683.582633 7219.605527 7892.890761 8616.546164 9914.429709 9984.261122 10819.59565 13172.10352 14829.69250 20965.63356 25682.90837 27520.60885 50320.12545 54972.58568 56136.08713 56637.61251 57051.14545 57202.67471 57231.87870 57371.93295 57514.21495 57565.55899 57609.33576 57695.12277 57707.76927 57773.16682 57812.85479 57865.09563 57976.98227 57988.12444 58349.36818 58569.54887 58605.15791 59106.69869 59230.25491 59908.52126 61466.40775 68594.08252
