    unsorted:	 433.2261548 434.6058065 424.9668550 426.6885566 419.6308518 419.2775281 412.8505693 440.7898592 444.9495750 448.1349779 402.4183364 406.2018667 399.7076548 390.3592735 393.5847622 388.8589829 385.3069365 455.3358884 462.6676053 469.9393000 474.2506479 477.3893845 484.8260703 492.2809299 494.6416859 500.0058031 371.8845030 506.6628252 508.5651948 355.5172267 525.0749972 345.8616385 334.3360046 545.6715374 299.7045786 277.4538905 245.2974958 266.1939985 254.3957358 247.6009251 602.7622430 641.8191768 668.0412130 194.8615396 735.9813451 108.8245599 68.44881959 36.59048262 27.91892292 19.91960311 3.276495581 841.8666231 872.3257652 1037.878015 1104.078542 1294.299890 1302.570255 1416.773054 1501.277725 1779.315779 1974.921606 2094.807486 2311.197730 2469.471284 2531.336805 2793.934516 3138.489805 3169.959874 3375.280862 3548.268561 3663.979043 3735.984154 3888.373972 3891.383667 3832.218825 4075.118214 4113.393972 4299.597908 4324.480665 4342.574582 4357.465285 4429.546067 4491.468514 4814.227553 4849.213826 5307.325182 5494.568753 6009.674080 7110.515320 8210.527073 8447.642463 8759.912212 9457.110259 10232.33760 10560.03658 11062.36178 13987.52178 14708.28834 18464.97517 22982.52132 57787.45667 57793.19487 57774.53932 57700.61164 57712.05249 57691.70691 57847.56875 57860.82851 57607.63346 57601.27296 57491.61631 57447.09790 57980.90049 57339.17669 58072.55764 57233.94047 57217.98796 56990.92782 58367.36519 58590.40915 58664.56071 56541.60485 59016.57883 56254.06043 59285.41810 59575.93732 54832.08296 60026.21217 27641.61014 29386.72183 61532.06796 49758.39655 69214.82832
      sorted:	 3.276495581 19.91960311 27.91892292 36.59048262 68.44881959 108.8245599 194.8615396 245.2974958 247.6009251 254.3957358 266.1939985 277.4538905 299.7045786 334.3360046 345.8616385 355.5172267 371.8845030 385.3069365 388.8589829 390.3592735 393.5847622 399.7076548 402.4183364 406.2018667 412.8505693 419.2775281 419.6308518 424.9668550 426.6885566 433.2261548 434.6058065 440.7898592 444.9495750 448.1349779 455.3358884 462.6676053 469.9393000 474.2506479 477.3893845 484.8260703 492.2809299 494.6416859 500.0058031 506.6628252 508.5651948 525.0749972 545.6715374 602.7622430 641.8191768 668.0412130 735.9813451 841.8666231 872.3257652 1037.878015 1104.078542 1294.299890 1302.570255 1416.773054 1501.277725 1779.315779 1974.921606 2094.807486 2311.197730 2469.471284 2531.336805 2793.934516 3138.489805 3169.959874 3375.280862 3548.268561 3663.979043 3735.984154 3832.218825 3888.373972 3891.383667 4075.118214 4113.393972 4299.597908 4324.480665 4342.574582 4357.465285 4429.546067 4491.468514 4814.227553 4849.213826 5307.325182 5494.568753 6009.674080 7110.515320 8210.527073 8447.642463 8759.912212 9457.110259 10232.33760 10560.03658 11062.36178 13987.52178 14708.28834 18464.97517 22982.52132 27641.61014 29386.72183 49758.39655 54832.08296 56254.06043 56541.60485 56990.92782 57217.98796 57233.94047 57339.17669 57447.09790 57491.61631 57601.27296 57607.63346 57691.70691 57700.61164 57712.05249 57774.53932 57787.45667 57793.19487 57847.56875 57860.82851 57980.90049 58072.55764 58367.36519 58590.40915 58664.56071 59016.57883 59285.41810 59575.93732 60026.21217 61532.06796 69214.82832
