    unsorted:	 423.8092048 426.0678319 432.3799648 430.3417670 438.6322877 419.7324227 445.0116845 451.7175871 455.6637666 458.9800623 465.8366285 470.3993306 473.2514190 483.8651643 480.3778447 487.4059682 413.3280830 498.6408717 497.7763744 406.7907835 406.5488738 505.2665497 510.5808161 395.2512499 542.8519808 350.4564339 333.9810107 344.9707106 577.3188516 291.1420567 280.1103207 249.8894194 265.7191621 255.3149317 621.2655472 687.5939015 185.6988127 104.8527305 815.2516783 72.01737663 40.88613911 29.88809500 19.12034948 4.083228108 872.2359117 936.7267106 1057.765513 1133.148388 1271.543109 1319.519804 1433.777029 1585.645819 1628.651600 1893.870585 2082.396043 2228.600665 2284.387730 2651.976098 2533.221194 2944.833876 3034.713871 3124.360943 3405.577003 3786.193459 3791.986318 3720.310555 3708.879451 3620.043279 3557.486551 3856.675663 3899.344408 4080.743026 4115.395079 4255.662283 4232.324301 4306.669938 4518.467248 4767.758678 5176.273929 5329.287403 5577.315468 5964.266796 6477.544519 7268.243854 8331.892826 8453.367384 10312.52228 10390.79260 12375.24099 12826.85402 13468.19787 17596.07784 22643.45622 57735.21191 57698.30569 57754.57439 57595.03331 57809.84308 57880.14904 57932.05770 57979.59453 57999.58573 57563.26612 58099.52428 58204.29142 57417.12351 57223.82167 57150.10249 57077.26778 58463.91942 58630.78117 58699.79846 58904.56779 56463.22675 59220.06802 59387.58047 55689.01539 59905.81727 54728.82236 61095.22739 26570.86181 28218.86252 50350.06606 67292.10147
      sorted:	 4.083228108 19.12034948 29.88809500 40.88613911 72.01737663 104.8527305 185.6988127 249.8894194 255.3149317 265.7191621 280.1103207 291.1420567 333.9810107 344.9707106 350.4564339 395.2512499 406.5488738 406.7907835 413.3280830 419.7324227 423.8092048 426.0678319 430.3417670 432.3799648 438.6322877 445.0116845 451.7175871 455.6637666 458.9800623 465.8366285 470.3993306 473.2514190 480.3778447 483.8651643 487.4059682 497.7763744 498.6408717 505.2665497 510.5808161 542.8519808 577.3188516 621.2655472 687.5939015 815.2516783 872.2359117 936.7267106 1057.765513 1133.148388 1271.543109 1319.519804 1433.777029 1585.645819 1628.651600 1893.870585 2082.396043 2228.600665 2284.387730 2533.221194 2651.976098 2944.833876 3034.713871 3124.360943 3405.577003 3557.486551 3620.043279 3708.879451 3720.310555 3786.193459 3791.986318 3856.675663 3899.344408 4080.743026 4115.395079 4232.324301 4255.662283 4306.669938 4518.467248 4767.758678 5176.273929 5329.287403 5577.315468 5964.266796 6477.544519 7268.243854 8331.892826 8453.367384 10312.52228 10390.79260 12375.24099 12826.85402 13468.19787 17596.07784 22643.45622 26570.86181 28218.86252 50350.06606 54728.82236 55689.01539 56463.22675 57077.26778 57150.10249 57223.82167 57417.12351 57563.26612 57595.03331 57698.30569 57735.21191 57754.57439 57809.84308 57880.14904 57932.05770 57979.59453 57999.58573 58099.52428 58204.29142 58463.91942 58630.78117 58699.79846 58904.56779 59220.06802 59387.58047 59905.81727 61095.22739 67292.10147
