    unsorted:	 387.3160846 388.7180085 381.8122445 377.4259310 375.5146162 393.9953614 369.9843779 365.2481675 362.0568142 356.8850686 357.4369805 400.1809289 352.1109034 406.1867748 410.7293063 411.8585794 414.1841890 346.8548185 420.4255178 422.6649636 345.5252740 341.7683805 428.0529021 327.4142169 441.5682443 472.5774133 282.1488917 270.6502910 261.8337314 259.6619040 497.0237513 510.5868657 234.5425585 225.7358056 200.9393515 191.0378409 631.0408628 108.6738561 67.23641021 40.94675579 28.57141411 19.57445901 3.932759012 740.1126906 742.8537421 902.3141588 946.1203808 1074.030479 1196.978339 1247.742982 1372.544527 1531.882580 1547.850800 1825.654173 2039.525524 2121.223807 2286.779821 2609.923881 2531.867503 2956.695612 3038.694940 3625.399095 3662.926253 3724.692541 3762.461242 3818.751145 3526.385820 3475.591051 3872.044111 3924.706709 4065.801213 4105.115956 4250.399480 4285.168335 4313.539600 4399.235613 4688.010714 4660.123792 5327.145726 5870.309010 6122.474399 6385.860696 6839.943909 7774.957756 8406.619555 8606.320536 10315.99361 10396.88877 12953.52252 13383.03470 14583.34230 18323.54327 22821.89652 26543.23343 28227.37942 57737.24172 57690.64426 57688.95747 57621.75964 57802.37980 57829.64775 57417.14259 57303.67194 57276.97805 57191.85054 57035.52968 57005.20921 58031.36294 58106.99949 58186.09513 56623.26299 58442.57622 56289.26014 58849.02794 55757.55211 55672.45875 59386.40251 59528.62433 55135.27989 60283.53031 52194.52320 61415.03858 62033.08001 68558.56304
      sorted:	 3.932759012 19.57445901 28.57141411 40.94675579 67.23641021 108.6738561 191.0378409 200.9393515 225.7358056 234.5425585 259.6619040 261.8337314 270.6502910 282.1488917 327.4142169 341.7683805 345.5252740 346.8548185 352.1109034 356.8850686 357.4369805 362.0568142 365.2481675 369.9843779 375.5146162 377.4259310 381.8122445 387.3160846 388.7180085 393.9953614 400.1809289 406.1867748 410.7293063 411.8585794 414.1841890 420.4255178 422.6649636 428.0529021 441.5682443 472.5774133 497.0237513 510.5868657 631.0408628 740.1126906 742.8537421 902.3141588 946.1203808 1074.030479 1196.978339 1247.742982 1372.544527 1531.882580 1547.850800 1825.654173 2039.525524 2121.223807 2286.779821 2531.867503 2609.923881 2956.695612 3038.694940 3475.591051 3526.385820 3625.399095 3662.926253 3724.692541 3762.461242 3818.751145 3872.044111 3924.706709 4065.801213 4105.115956 4250.399480 4285.168335 4313.539600 4399.235613 4660.123792 4688.010714 5327.145726 5870.309010 6122.474399 6385.860696 6839.943909 7774.957756 8406.619555 8606.320536 10315.99361 10396.88877 12953.52252 13383.03470 14583.34230 18323.54327 22821.89652 26543.23343 28227.37942 52194.52320 55135.27989 55672.45875 55757.55211 56289.26014 56623.26299 57005.20921 57035.52968 57191.85054 57276.97805 57303.67194 57417.14259 57621.75964 57688.95747 57690.64426 57737.24172 57802.37980 57829.64775 58031.36294 58106.99949 58186.09513 58442.57622 58849.02794 59386.40251 59528.62433 60283.53031 61415.03858 62033.08001 68558.56304
