    unsorted:	 448.1062150 449.9406154 442.8419838 456.9215864 435.7592208 431.6795372 428.7464514 463.7894905 469.0872261 471.1278068 477.6485150 421.8276469 484.0968786 485.9661468 490.0166360 495.1046778 497.8905711 499.6019256 415.0221375 408.3637011 411.3903135 404.9867334 401.8044102 524.4413941 354.8079979 354.1250253 538.7018839 547.6283224 345.3246075 322.3575875 282.8288593 275.5274056 245.5318456 246.0409677 249.3872537 250.9985354 259.2417505 612.9053256 665.6869281 188.8138233 710.3461211 108.2824692 81.48691858 35.67358901 28.04292811 19.14324867 3.573413498 845.1225932 936.3894910 1040.173566 1289.541035 1282.342399 1450.483806 1589.074869 1632.839654 1801.828825 2189.763123 2717.978416 2726.548910 2531.615829 3109.570983 3043.295695 3650.446419 3736.144951 3490.432064 3787.532848 3833.970717 3881.451381 3897.494651 4078.985442 4117.846716 4215.076914 4297.758224 4313.496738 4334.381118 4374.810086 4431.367024 4753.872052 5176.690385 5360.247617 5553.656458 6709.544114 7036.696901 7806.472453 8044.573778 8508.906083 9952.857652 10520.12583 10678.03617 12889.94423 13542.62963 17623.47260 22611.36366 57613.27464 57625.99020 57598.30096 57677.13200 57724.86527 57738.56768 57542.86293 57797.73143 57457.81056 57467.17226 57883.72843 57940.84420 57321.08531 58015.03895 57201.86970 57020.33869 56943.94132 58363.11265 58606.25617 58762.22634 58935.52293 56394.99529 59349.40641 59470.67080 55879.91592 60225.36208 54545.51370 26590.26666 28258.26876 61301.15736 49010.12927 67889.03454
      sorted:	 3.573413498 19.14324867 28.04292811 35.67358901 81.48691858 108.2824692 188.8138233 245.5318456 246.0409677 249.3872537 250.9985354 259.2417505 275.5274056 282.8288593 322.3575875 345.3246075 354.1250253 354.8079979 401.8044102 404.9867334 408.3637011 411.3903135 415.0221375 421.8276469 428.7464514 431.6795372 435.7592208 442.8419838 448.1062150 449.9406154 456.9215864 463.7894905 469.0872261 471.1278068 477.6485150 484.0968786 485.9661468 490.0166360 495.1046778 497.8905711 499.6019256 524.4413941 538.7018839 547.6283224 612.9053256 665.6869281 710.3461211 845.1225932 936.3894910 1040.173566 1282.342399 1289.541035 1450.483806 1589.074869 1632.839654 1801.828825 2189.763123 2531.615829 2717.978416 2726.548910 3043.295695 3109.570983 3490.432064 3650.446419 3736.144951 3787.532848 3833.970717 3881.451381 3897.494651 4078.985442 4117.846716 4215.076914 4297.758224 4313.496738 4334.381118 4374.810086 4431.367024 4753.872052 5176.690385 5360.247617 5553.656458 6709.544114 7036.696901 7806.472453 8044.573778 8508.906083 9952.857652 10520.12583 10678.03617 12889.94423 13542.62963 17623.47260 22611.36366 26590.26666 28258.26876 49010.12927 54545.51370 55879.91592 56394.99529 56943.94132 57020.33869 57201.86970 57321.08531 57457.81056 57467.17226 57542.86293 57598.30096 57613.27464 57625.99020 57677.13200 57724.86527 57738.56768 57797.73143 57883.72843 57940.84420 58015.03895 58363.11265 58606.25617 58762.22634 58935.52293 59349.40641 59470.67080 60225.36208 61301.15736 67889.03454
