    unsorted:	 101.5118559 3.894273500
      sorted:	 3.894273500 101.5118559
