    unsorted:	 0.02362236062 13.17056573 33080.69066
      sorted:	 0.02362236062 13.17056573 33080.69066
