    unsorted:	 435.0049830 434.8034424 441.8075934 442.4249070 448.6843683 456.3496527 454.9867445 427.9839359 462.2977091 421.1339568 416.1432769 414.3726574 407.7339890 409.9546378 468.8764731 472.2838283 475.4788809 481.1144082 401.2467003 485.9637123 488.2244178 490.1621084 394.8627075 388.6254195 508.3571693 529.4294503 332.0119101 345.2203171 323.6070652 291.7034525 272.9581262 245.5311444 257.7653613 596.3249599 225.1938042 227.5838848 645.3887213 187.4195458 693.8380943 95.48016754 77.19663617 31.07167547 22.70784388 17.21601104 2.789971328 805.3297688 915.3451200 953.6575652 1019.192042 1148.269198 1206.783433 1273.842677 1273.492689 1503.846198 1578.845659 1789.670305 2136.577483 2622.026693 2734.930031 2531.776574 2802.480854 3107.987393 3544.218725 3713.466877 3657.052417 3794.799839 3878.302931 3924.763139 3936.420453 4104.492994 4139.707462 4307.309227 4256.861457 4337.974033 4369.376839 4423.702594 4458.895651 4773.190108 5290.503067 5481.369882 5950.853176 7876.705093 8129.131732 9200.561436 10041.91169 10130.08776 11010.46975 13342.82246 15539.59187 21396.50064 57632.16072 57638.56585 57592.79060 57575.23296 57712.54392 57726.02895 57508.77232 57824.94963 57893.75456 57371.44614 58014.40212 58020.92321 57231.12634 57087.46342 57030.95773 58371.64024 58629.17517 58675.87118 56587.48945 59188.62468 59319.40698 56023.14039 60033.20226 54851.57881 26001.25258 27780.08467 61415.33782 49870.11300 68391.39523
      sorted:	 2.789971328 17.21601104 22.70784388 31.07167547 77.19663617 95.48016754 187.4195458 225.1938042 227.5838848 245.5311444 257.7653613 272.9581262 291.7034525 323.6070652 332.0119101 345.2203171 388.6254195 394.8627075 401.2467003 407.7339890 409.9546378 414.3726574 416.1432769 421.1339568 427.9839359 434.8034424 435.0049830 441.8075934 442.4249070 448.6843683 454.9867445 456.3496527 462.2977091 468.8764731 472.2838283 475.4788809 481.1144082 485.9637123 488.2244178 490.1621084 508.3571693 529.4294503 596.3249599 645.3887213 693.8380943 805.3297688 915.3451200 953.6575652 1019.192042 1148.269198 1206.783433 1273.492689 1273.842677 1503.846198 1578.845659 1789.670305 2136.577483 2531.776574 2622.026693 2734.930031 2802.480854 3107.987393 3544.218725 3657.052417 3713.466877 3794.799839 3878.302931 3924.763139 3936.420453 4104.492994 4139.707462 4256.861457 4307.309227 4337.974033 4369.376839 4423.702594 4458.895651 4773.190108 5290.503067 5481.369882 5950.853176 7876.705093 8129.131732 9200.561436 10041.91169 10130.08776 11010.46975 13342.82246 15539.59187 21396.50064 26001.25258 27780.08467 49870.11300 54851.57881 56023.14039 56587.48945 57030.95773 57087.46342 57231.12634 57371.44614 57508.77232 57575.23296 57592.79060 57632.16072 57638.56585 57712.54392 57726.02895 57824.94963 57893.75456 58014.40212 58020.92321 58371.64024 58629.17517 58675.87118 59188.62468 59319.40698 60033.20226 61415.33782 68391.39523
