    unsorted:	 596.1149178 592.5195361 598.9376138 601.7696096 583.4078211 610.9795648 619.8204736 621.4816581 574.3638801 565.5762457 560.9047974 556.0225336 547.5283329 631.5450742 636.6933737 638.5464088 539.1261783 532.5030419 530.9589258 528.0022124 527.8389043 521.4303310 654.8813855 658.9752662 682.5327784 483.7597745 709.8697029 446.1366087 437.7247470 409.0039832 747.1961519 402.4445478 343.8208847 344.6322070 876.6369810 939.0131830 251.7070043 175.7248420 182.7105294 1087.144098 100.8097220 74.57628117 46.79661437 28.09547945 18.21483874 3.931643490 1176.608529 1171.127571 1480.148336 1531.446725 1575.932014 1609.620117 1637.839871 1886.123758 1987.922450 2270.681246 2293.030595 2533.261210 2759.442167 2844.651376 3212.302616 3323.576032 3454.453216 3473.218697 3524.667272 3581.576858 3651.842581 3772.116556 3752.720323 3925.761131 3973.880479 4226.314901 4292.985253 4333.148263 4500.156459 4591.763055 4715.563306 4753.196913 4854.199972 4945.727142 5151.418719 5962.091520 6607.984000 7414.092756 7927.132673 8496.690662 10216.40398 10470.56967 11190.58573 12799.33623 13474.73296 17440.54472 23840.56905 27026.52436 28333.03980 57810.82168 57755.64158 57920.27657 57992.53506 57661.82134 58089.43054 57571.61768 58282.71813 58292.20516 58365.43404 58417.00940 57416.81597 57402.43731 58564.30729 58699.18536 58792.21058 58834.78275 57110.29255 56978.87229 56941.26336 59125.19142 59295.63559 59763.17345 55735.90585 54770.55075 61314.18527 51613.06083 47673.73280 46007.36251
      sorted:	 3.931643490 18.21483874 28.09547945 46.79661437 74.57628117 100.8097220 175.7248420 182.7105294 251.7070043 343.8208847 344.6322070 402.4445478 409.0039832 437.7247470 446.1366087 483.7597745 521.4303310 527.8389043 528.0022124 530.9589258 532.5030419 539.1261783 547.5283329 556.0225336 560.9047974 565.5762457 574.3638801 583.4078211 592.5195361 596.1149178 598.9376138 601.7696096 610.9795648 619.8204736 621.4816581 631.5450742 636.6933737 638.5464088 654.8813855 658.9752662 682.5327784 709.8697029 747.1961519 876.6369810 939.0131830 1087.144098 1171.127571 1176.608529 1480.148336 1531.446725 1575.932014 1609.620117 1637.839871 1886.123758 1987.922450 2270.681246 2293.030595 2533.261210 2759.442167 2844.651376 3212.302616 3323.576032 3454.453216 3473.218697 3524.667272 3581.576858 3651.842581 3752.720323 3772.116556 3925.761131 3973.880479 4226.314901 4292.985253 4333.148263 4500.156459 4591.763055 4715.563306 4753.196913 4854.199972 4945.727142 5151.418719 5962.091520 6607.984000 7414.092756 7927.132673 8496.690662 10216.40398 10470.56967 11190.58573 12799.33623 13474.73296 17440.54472 23840.56905 27026.52436 28333.03980 46007.36251 47673.73280 51613.06083 54770.55075 55735.90585 56941.26336 56978.87229 57110.29255 57402.43731 57416.81597 57571.61768 57661.82134 57755.64158 57810.82168 57920.27657 57992.53506 58089.43054 58282.71813 58292.20516 58365.43404 58417.00940 58564.30729 58699.18536 58792.21058 58834.78275 59125.19142 59295.63559 59763.17345 61314.18527
