    unsorted:	 9.488279701e-05 118.1601907 4302.540292
      sorted:	 9.488279701e-05 118.1601907 4302.540292
