    unsorted:	 416.1667491 415.6016395 417.6800437 409.3768129 422.6893976 410.3823949 402.8815195 429.3814113 435.8941626 438.6405592 442.6570823 398.2910289 396.5067481 449.0610390 456.1335333 454.8797542 461.8337925 390.2951940 467.3132253 471.8380466 473.7103381 475.8476887 384.1916843 371.8383680 370.5254194 489.8022556 515.0745088 345.2520247 325.2672944 313.4198113 289.3366536 245.5306104 578.4995488 584.7653238 258.1380859 626.8050543 210.6480249 204.6273807 187.7099115 677.3766577 758.1670695 82.84890200 72.45711900 26.24006258 18.55316699 14.98439366 2.075307703 852.0083136 899.0245591 985.8796188 1005.713042 1283.233554 1271.962334 1403.425646 1576.976344 1640.529221 1782.339321 2545.512161 2591.828649 2531.763624 2806.619487 3164.589365 3997.173947 4008.113992 3956.861752 3892.495673 3818.950262 3633.109352 4150.499287 4179.505582 4321.138235 4347.458276 4390.624260 4471.011792 4500.133960 4873.719793 5140.556194 5203.817069 5375.382339 6672.666778 7947.329010 8578.787106 9594.685770 10039.97820 10759.59147 12957.78224 14534.63728 20207.98174 57867.33829 57876.86755 57826.09409 57818.53423 57659.36569 57573.76710 57584.90149 57534.28448 57418.43498 57392.28776 57991.06149 57220.02961 57105.91256 58389.94377 58504.93329 58566.26552 56761.84749 56499.73794 59015.21040 59199.29857 55173.34031 59751.93961 25285.33127 27362.43495 61621.02956 50666.50165 69174.07434
      sorted:	 2.075307703 14.98439366 18.55316699 26.24006258 72.45711900 82.84890200 187.7099115 204.6273807 210.6480249 245.5306104 258.1380859 289.3366536 313.4198113 325.2672944 345.2520247 370.5254194 371.8383680 384.1916843 390.2951940 396.5067481 398.2910289 402.8815195 409.3768129 410.3823949 415.6016395 416.1667491 417.6800437 422.6893976 429.3814113 435.8941626 438.6405592 442.6570823 449.0610390 454.8797542 456.1335333 461.8337925 467.3132253 471.8380466 473.7103381 475.8476887 489.8022556 515.0745088 578.4995488 584.7653238 626.8050543 677.3766577 758.1670695 852.0083136 899.0245591 985.8796188 1005.713042 1271.962334 1283.233554 1403.425646 1576.976344 1640.529221 1782.339321 2531.763624 2545.512161 2591.828649 2806.619487 3164.589365 3633.109352 3818.950262 3892.495673 3956.861752 3997.173947 4008.113992 4150.499287 4179.505582 4321.138235 4347.458276 4390.624260 4471.011792 4500.133960 4873.719793 5140.556194 5203.817069 5375.382339 6672.666778 7947.329010 8578.787106 9594.685770 10039.97820 10759.59147 12957.78224 14534.63728 20207.98174 25285.33127 27362.43495 50666.50165 55173.34031 56499.73794 56761.84749 57105.91256 57220.02961 57392.28776 57418.43498 57534.28448 57573.76710 57584.90149 57659.36569 57818.53423 57826.09409 57867.33829 57876.86755 57991.06149 58389.94377 58504.93329 58566.26552 59015.21040 59199.29857 59751.93961 61621.02956 69174.07434
