    unsorted:	 407.5556501 409.9952804 403.5288140 406.4782359 416.5085799 418.7277311 423.1053899 427.3500887 429.7299773 397.1726244 436.0360349 390.9431518 386.7193075 384.8805127 383.3635341 442.2344859 444.8766607 448.8650853 378.9186046 454.8453928 460.1627676 464.2018458 465.8572455 468.1525593 476.9838036 358.2923679 344.9566088 506.9189905 319.0745428 296.6321223 291.6919880 245.5309680 566.0112446 578.4177130 254.5391838 608.9777794 197.1789493 187.6051256 184.5248668 666.9475404 698.6868577 724.0024013 78.58951679 68.94287757 24.79535334 17.04887159 13.90372016 1.740889784 884.6459913 991.0387228 999.7520576 1177.998483 1268.103006 1266.527405 1569.381428 1768.647383 2181.177511 2531.926317 2850.465381 3061.179439 3963.122401 4003.665893 4015.871218 3904.290437 3829.580200 3674.882648 3635.927905 4154.867755 4183.162707 4324.443119 4351.418099 4409.418130 4500.061944 4535.370446 4848.542205 5204.521602 5277.528443 5448.731211 8042.374080 7960.948649 8399.459129 9366.085252 10212.59770 11859.69572 13994.13888 18031.25471 23341.97657 25844.29793 57545.59552 57521.12024 57569.90149 57658.99436 57737.74048 57809.20431 57842.30140 57387.00501 57973.25663 57232.92922 57086.66668 58257.48035 58463.49251 58576.05107 56698.95431 56590.21976 58997.89334 59142.64728 55067.92547 59856.36801 61322.67298 50797.16693 68001.70090
      sorted:	 1.740889784 13.90372016 17.04887159 24.79535334 68.94287757 78.58951679 184.5248668 187.6051256 197.1789493 245.5309680 254.5391838 291.6919880 296.6321223 319.0745428 344.9566088 358.2923679 378.9186046 383.3635341 384.8805127 386.7193075 390.9431518 397.1726244 403.5288140 406.4782359 407.5556501 409.9952804 416.5085799 418.7277311 423.1053899 427.3500887 429.7299773 436.0360349 442.2344859 444.8766607 448.8650853 454.8453928 460.1627676 464.2018458 465.8572455 468.1525593 476.9838036 506.9189905 566.0112446 578.4177130 608.9777794 666.9475404 698.6868577 724.0024013 884.6459913 991.0387228 999.7520576 1177.998483 1266.527405 1268.103006 1569.381428 1768.647383 2181.177511 2531.926317 2850.465381 3061.179439 3635.927905 3674.882648 3829.580200 3904.290437 3963.122401 4003.665893 4015.871218 4154.867755 4183.162707 4324.443119 4351.418099 4409.418130 4500.061944 4535.370446 4848.542205 5204.521602 5277.528443 5448.731211 7960.948649 8042.374080 8399.459129 9366.085252 10212.59770 11859.69572 13994.13888 18031.25471 23341.97657 25844.29793 50797.16693 55067.92547 56590.21976 56698.95431 57086.66668 57232.92922 57387.00501 57521.12024 57545.59552 57569.90149 57658.99436 57737.74048 57809.20431 57842.30140 57973.25663 58257.48035 58463.49251 58576.05107 58997.89334 59142.64728 59856.36801 61322.67298 68001.70090
