    unsorted:	 430.0767330 427.7023885 434.6932750 441.7552871 446.4899390 448.8332521 420.8082948 455.7942210 414.0323826 462.6379251 467.6448450 469.9069306 476.4647348 407.4583402 412.2058452 405.6293234 403.5483763 400.8168397 482.8840086 484.4885135 488.8284051 493.9261072 496.7138766 498.4514355 522.9671090 352.4935335 539.4931289 345.3829356 326.8788227 312.9022728 281.7606379 273.6735892 245.5325581 247.6641190 259.8872203 243.6427991 611.1987046 663.8850720 189.3385561 708.9400674 107.8292697 80.95095018 35.33003480 26.89066913 18.91833445 3.536635383 836.6767225 934.5739848 1037.104964 1217.787071 1285.139970 1280.772974 1406.536607 1587.325004 1798.829274 2053.281647 2616.944548 2722.491121 2531.651685 2888.659218 3105.369371 3510.619906 3499.101446 3580.116833 3662.543693 3747.026584 3841.282216 3889.370590 3904.612901 4083.653651 4121.874799 4299.418128 4318.534491 4335.945942 4381.894448 4433.859808 4472.862264 4750.084431 5344.156492 5531.410400 5852.640912 6434.499189 7194.878311 7791.853634 8425.079097 9920.747741 10342.52678 10567.40221 12231.06752 13390.65325 17078.96433 22222.93754 57727.13835 57729.64571 57700.72088 57617.31680 57622.82222 57601.27260 57556.01016 57808.01218 57477.46047 57882.99505 57928.92983 58016.30050 57326.55111 57193.86248 57053.43245 56958.58327 58347.50924 58515.02834 58769.87147 58728.26323 56433.47696 59285.15028 59426.59119 55950.90278 60175.16172 54585.22118 26394.95616 28146.16625 61342.06621 49077.99834 67978.68957
      sorted:	 3.536635383 18.91833445 26.89066913 35.33003480 80.95095018 107.8292697 189.3385561 243.6427991 245.5325581 247.6641190 259.8872203 273.6735892 281.7606379 312.9022728 326.8788227 345.3829356 352.4935335 400.8168397 403.5483763 405.6293234 407.4583402 412.2058452 414.0323826 420.8082948 427.7023885 430.0767330 434.6932750 441.7552871 446.4899390 448.8332521 455.7942210 462.6379251 467.6448450 469.9069306 476.4647348 482.8840086 484.4885135 488.8284051 493.9261072 496.7138766 498.4514355 522.9671090 539.4931289 611.1987046 663.8850720 708.9400674 836.6767225 934.5739848 1037.104964 1217.787071 1280.772974 1285.139970 1406.536607 1587.325004 1798.829274 2053.281647 2531.651685 2616.944548 2722.491121 2888.659218 3105.369371 3499.101446 3510.619906 3580.116833 3662.543693 3747.026584 3841.282216 3889.370590 3904.612901 4083.653651 4121.874799 4299.418128 4318.534491 4335.945942 4381.894448 4433.859808 4472.862264 4750.084431 5344.156492 5531.410400 5852.640912 6434.499189 7194.878311 7791.853634 8425.079097 9920.747741 10342.52678 10567.40221 12231.06752 13390.65325 17078.96433 22222.93754 26394.95616 28146.16625 49077.99834 54585.22118 55950.90278 56433.47696 56958.58327 57053.43245 57193.86248 57326.55111 57477.46047 57556.01016 57601.27260 57617.31680 57622.82222 57700.72088 57727.13835 57729.64571 57808.01218 57882.99505 57928.92983 58016.30050 58347.50924 58515.02834 58728.26323 58769.87147 59285.15028 59426.59119 60175.16172 61342.06621 67978.68957
